167	171	173	175	177	179	181	187
218	226	230	232	234	236	238	240	242	244	246	248	250	252	254	256	262	264	266	270	272
92	94	104	116	118
93	95	97	101	109
150	168	190	192	194	196	198	200	202	204	206	208	210	212	214	216	218	220	222	226	232	238
254	260	262	264	266	268	270	272	274	276	278	282
240	244	248	250	252	254	256	258	260
216	218	220	222	224
149	151	153	155	157	159	161	163	165
228	230	232	234	236	238	240	242	244	246	248	250	252	254	256	258	260	262	264	266	268	270	272	274	278	280
225	227	229	231	233	331
196	198	200	202	204	206	208	210	212	214	216	218	220	222	224	226	228	230	232	234	236	238	240	242	244	246
174	178	180	182	184	186	188	190	192	194	196	198	200	202	204	206	208	210	212	216
197	201	205	209	211	213	215	217	219	221	223	225	229	231	233	235	237	239
152	156	158	164	166
221	227	229	231	233	235	237	239
162	168	170	172
251	253	255	259	261	263	265	267	269	271
157	167	175	177	178	180	181	182	183	184	185	186	187	188	189	190	191	192	193	195	197	198
184	186	188	190	192	194	196
88	96	98	100	102	104	106	108	110	120